7.54639
7.55249
8.09912
7.50464
8.073
8.06885
8.26245
8.11011
8.19531
7.5271
7.61792
7.55444
7.56396
9.33374
9.45581
8.02759
8.9375
7.87183
8.13086
7.41187
7.90967
7.31934
7.70972
7.47656
8.11646
7.32275
7.91235
7.44336
7.5271
6.85571
7.81592
7.12012
7.21167
7.06885
7.69873
6.80811
7.40747
6.88574
9.02905
7.34131
9.88232
7.97119
8.46997
7.22119
7.50391
6.96753
7.51758
7.15234
7.18652
7.05078
7.47778
6.99072
7.12793
7.10596
6.72583
8.33423
7.61792
7.94824
6.92505
7.65112
7.13452
7.94678
6.72314
8.67188
7.97754
11.0786
9.1748
7.2168
7.61621
6.96973
7.37939
6.69727
7.39111
7.18896
6.98096
7.25488
7.70752
7.57227
7.57031
8.93457
8.68018
8.76367
7.65088
7.54688
7.55176
7.55127
7.26465
8.24707
8.53027
9.56641
8.87646
8.60449
8.43311
7.271
8.15479
7.23242
7.5332
7.80273
7.37354
7.24609
7.88184
8.25244
8.49854
7.71729
8.51611
7.76172
8.30762
7.88428
7.95068
7.64258
8.45313
8.35938
7.86719
7.94824
8.7959
9.34033
9.51709
8.97461
9.48633
8.2959
8.61475
7.60742
8.23486
7.46338
8.02197
7.56055
8.21289
8.02881
8.51611
8.38477
8.42139
8.59229
8.14111
8.31055
7.91699
7.84424
7.67969
7.74756
7.73096
8.44922
9.23926
8.96582
7.61816
8.40283
7.59814
8.13281
7.66553
8.20166
7.6499
7.82471
7.78369
7.65527
7.74561
7.76416
7.69189
7.69092
7.97168
7.53662
7.84326
7.83008
7.93652
7.7417
7.69873
7.61475
9.0625
